A :
237,238,239,906,956,961,241,242,243,246,247,248,249,250

B :
258,460,261,264,265,266,329,330,274,275,276,277,278,279,280,281,282,283,284,285,286,287,288

C :
290,291,292,293,335,211,295,296,297,298,300,302,303,304,305,306,307,308,309,310,937,940,311,312,313,314,315,316,317,318,319

237,238,239,906,956,961,241,242,243,246,247,248,249,250,258,460,261,264,265,266,329,330,274,275,276,277,278,279,280,281,282,283,284,285,286,287,288,290,291,292,293,335,211,295,296,297,298,300,302,303,304,305,306,307,308,309,310,937,940,311,312,313,314,315,316,317,318,319


https://edt.inp-toulouse.fr/jsp/custom/modules/plannings/anonymous_cal.jsp?resources=237,238,239,906,956,961,241,242,243,246,247,248,249,250,258,460,261,264,265,266,329,330,274,275,276,277,278,279,280,281,282,283,284,285,286,287,288,290,291,292,293,335,211,295,296,297,298,300,302,303,304,305,306,307,308,309,310,937,940,311,312,313,314,315,316,317,318,319&projectId=20&calType=ical&firstDate=

old lien :
https://edt.inp-toulouse.fr/jsp/custom/modules/plannings/anonymous_cal.jsp?resources=343,341,335,330,329,502,319,318,317,316,315,314,313,312,311,310,309,308,307,306,305,304,303,302,300,298,297,296,295,293,292,291,290,288,287,286,285,284,283,282,281,460,280,279,278,277,276,275,274,273,272,266,265,264,261,259,250,249,248,247,243,242,241,239,238,237,211,939,938,942,947&projectId=20&calType=ical&firstDate=

https://edt.inp-toulouse.fr/jsp/custom/modules/plannings/anonymous_cal.jsp?resources=290,291,292,293,335,211,295,296,297,298,300,302,303,304,305,306,307,308,309,310,937,940,311,312,313,314,315,316,317,318,319&projectId=20&calType=ical&firstDate=2019-08-01&lastDate=2020-07-15